# tau / ps;  MSD / pm^2;  Derivative
0.000000; 0.000000; 3994883.089714
1.000000; 3994883.089714; 4830374.079205
2.000000; 8825257.168920; 4520416.850760
3.000000; 13345674.019679; 3827859.093022
4.000000; 17173533.112701; 5187985.940339
5.000000; 22361519.053040; 2417892.600638
6.000000; 24779411.653678; 4357386.983278
7.000000; 29136798.636956; 3400896.578144
8.000000; 32537695.215100; 403475.641384
9.000000; 32941170.856484; 0.000000
