# tau / ps;  MSD / pm^2;  Derivative
0.000000; 0.000000; 3176423.369388
1.000000; 3176423.369388; 2538774.305068
2.000000; 5715197.674456; 1565779.182703
3.000000; 7280976.857159; 857937.411410
4.000000; 8138914.268570; 1117597.318446
5.000000; 9256511.587016; 1250520.935405
6.000000; 10507032.522420; 792333.819565
7.000000; 11299366.341986; 1091689.282280
8.000000; 12391055.624266; 820190.796476
9.000000; 13211246.420742; 0.000000
